   1.3100000e+02   1.8800000e+02   2.3400000e+02
   1.3000000e+02   1.6700000e+02   2.6000000e+01
   4.0000000e+01   2.0100000e+02   1.2400000e+02
   2.1800000e+02   2.0300000e+02   1.2400000e+02
   1.3000000e+02   4.7900000e+01   1.3800000e+02
   1.3100000e+02   1.4900000e+02   2.3510000e+02
   1.3100000e+02   1.1200000e+02   2.2810000e+02
   1.3100000e+02   8.0900000e+01   2.0600000e+02
   1.3000000e+02   5.7900000e+01   1.7500000e+02
   1.3000000e+02   4.6900000e+01   1.0000000e+02
   1.3000000e+02   6.1900000e+01   6.6000000e+01
   1.3000000e+02   9.3000000e+01   4.4900000e+01
   1.3000000e+02   1.2800000e+02   2.9900000e+01
   4.2900000e+01   1.6300000e+02   1.2700000e+02
   4.6000000e+01   1.2090000e+02   1.3100000e+02
   5.9900000e+01   8.4000000e+01   1.3500000e+02
   9.1000000e+01   5.7900000e+01   1.3700000e+02
   1.6910000e+02   6.0000000e+01   1.3700000e+02
   1.9810000e+02   8.4000000e+01   1.3500000e+02
   2.1310000e+02   1.2000000e+02   1.3200000e+02
   2.1510000e+02   1.6200000e+02   1.2800000e+02
   1.0090000e+02   1.5700000e+02   2.3300000e+02
   5.7900000e+01   1.6500000e+02   1.9100000e+02
   5.4900000e+01   1.5400000e+02   7.1000000e+01
   9.9000000e+01   1.3700000e+02   3.1900000e+01
   1.5910000e+02   1.5700000e+02   2.3200000e+02
   2.0110000e+02   1.6400000e+02   1.9200000e+02
   2.0210000e+02   1.5300000e+02   7.1000000e+01
   1.6100000e+02   1.3700000e+02   3.2900000e+01
   7.5000000e+01   1.0590000e+02   1.9700000e+02
   1.8200000e+02   1.0390000e+02   1.9800000e+02
   7.3000000e+01   9.2900000e+01   6.5000000e+01
   1.8410000e+02   9.2000000e+01   6.5000000e+01
